3.728382060603302461e-01
2.440252135177427562e-01
7.730998550240164580e-02
2.640514838782381801e-01
6.819212273529515755e-01
2.467127109926781081e-02
3.657475978956004070e-01
8.577162426474457257e-01
7.667088278257739864e-01
5.059862278447022632e-01
4.653588195895622670e-01
5.486289826689968452e-01
9.440297974866298514e-01
8.311204005254557714e-02
3.844092418826129398e-01
9.981274893192336739e-01
6.815038694984091316e-01
5.007633365735645326e-01
9.008610393890621459e-01
4.537837223378369256e-01
9.075623710342739514e-01
2.340588776197557452e-01
4.822362982013937982e-01
3.733640687187514962e-01
3.210883757019393769e-01
7.284448885350908176e-01
6.210741403583301956e-01
9.971373156763695400e-01
1.752861060960274608e-01
6.925636138695299149e-01
8.061979502826179811e-01
3.371277020555643045e-01
2.799570713706411862e-02
4.791480482862312540e-01
9.098190018036927951e-01
2.307002863052906028e-01
1.571300421778795142e-01
9.985023008765018249e-01
1.509722821151926464e-01
5.704908055039259462e-01
5.743710586412488217e-01
4.071814429327911267e-01
3.201342190080845862e-01
5.260259856908277021e-01
6.791936703799525965e-01
4.754472041418977835e-01
7.819630340844119232e-02
3.909372478378561055e-01
7.053449472626361905e-01
7.758447622768581686e-01
8.110694611527335951e-01
1.631800000102407999e-01
5.983837641480135305e-01
8.466432105169124922e-01
8.153767611918049107e-01
9.670449716076876534e-01
4.532701297676802188e-01
4.912201818344785753e-01
2.499538020538957239e-01
8.305832537747019906e-01
6.710918206893481397e-01
7.779930587951828791e-01
2.674777168385785719e-01
4.604713838819745053e-01
9.633994474225223703e-01
2.920371239279304643e-01
3.874127795849202638e-02
3.397699566657269576e-01
8.914191659582261229e-01
7.492907484712958421e-01
3.441331440895032401e-01
8.196356036885246166e-01
2.100427450772157645e-02
1.726299856946256206e-02
6.326799285505021464e-01
6.982939802594750889e-01
7.958368270407726319e-01
7.117717869978144041e-01
8.055559712484237078e-01
9.003043311994411990e-01
3.929257574285164312e-01
5.953036884383664518e-01
1.373597368197074786e-01
5.003131470316113383e-02
1.313881226053420503e-01
3.296715188349503833e-01
4.473066543767965086e-01
5.144082489428603022e-02
2.632321388981383459e-01
2.979378818324023293e-01
4.277799647535651673e-02
9.636046358125842648e-01
1.468546208155840915e-01
4.424253977617224054e-01
1.182695716340077530e-01
1.864990051356477663e-01
1.193603832276624033e+00
2.817311136441657737e+01
2.137451037408621062e+02
2.742815039286312526e+02
1.362549056364555895e+02
2.792363126835222431e+01
2.058355141640192798e+01
1.273025561516137145e+02
1.272680403371373359e+02
1.926436890325415874e+01
8.725983825743951483e-01
9.325975288721144452e-01
2.216627069638509306e-01
1.370887352656753322e-01
4.511343574749622221e-01
2.027246671945085454e-01
4.212167750141965206e-01
4.428676438247178826e-01
4.633495844033458377e-01
9.948000881015346408e-01
4.134446941072260628e-01
5.293403797130448174e-01
5.699285109459091281e-01
1.418179997725672603e-01
2.555950458164873496e+01
1.223506955241766860e+02
6.432108588183365327e+01
1.082658631467394805e+01
3.143662502676870929e+01
-1.282114155256965837e+01
-1.360716730909074101e+02
-1.027228850341459676e+01
-1.380784048935141950e+00
-1.408130086983732809e+01
-1.407088342839464801e+01
2.012514422254240571e+02
1.956100202390187235e+02
2.106089817490704093e+02
1.279169529654418511e+02
2.035931366289696953e+01
4.878207539136562021e-01
9.829161895592796183e-01
8.000255905861389794e-01
9.609492061307729482e-01
1.696844051619555982e-01
8.879066216622379937e-01
6.106219931847646221e-01
5.027665434161173730e-01
1.842362170989353398e-02
3.166708781002185447e-01
9.384660293392145247e-01
9.237780485191699142e+00
7.023967850281503900e+01
1.830229639989100576e+02
4.582300722452522024e+01
-6.482382063509693637e+01
-5.290611364935173100e+01
-1.359344591745050650e+02
-1.507469429264315579e+02
-5.735993586392014976e+01
-2.012276399715059938e+02
-1.155117058881485406e+02
-3.356487566573375858e+01
1.871242464191097383e+02
3.023249438576009425e+02
3.438808359240363757e+02
3.354241861227211530e+02
1.457607301172028258e+02
5.120722043330944162e-01
4.860073367168838976e-01
4.700807269919707876e-01
6.803056409301774243e-01
4.540226454441165238e-01
9.636041967553199417e-01
3.356202407444970337e-01
2.913054536671354500e-01
7.164068571936411667e-01
6.613135976427750862e-01
4.392958438886894612e+01
9.340992994425833729e+01
1.393445472291303417e+02
1.395143870894162603e+02
-1.217632213272940760e+02
-1.875512063734912829e+02
-1.146051013540105856e+02
-1.460083588037828406e+02
-2.162525557825672351e+00
5.264375064560783812e+01
-4.917732761785150331e+01
-1.578237447253263213e+02
9.602765143381877522e+01
1.077418447950937974e+02
5.038563023944077202e+01
1.996076324881028370e+02
3.046542294125136436e+02
7.022203347772531856e+01
8.819839159249805993e-01
8.040603160978403441e-01
6.552745531366770404e-01
4.830224318610937262e-01
2.206297903698476448e-01
2.526730189662995674e-02
3.139548686936258770e-01
7.542618104864541317e-01
6.627299094126553047e-01
1.451843662651086042e+01
1.160873966821202146e+02
2.010045481531638814e+02
1.051438487170044596e+02
-5.203551340525338986e+01
-1.150838782784159804e+02
-8.150865268526752061e+01
-8.316323261083319096e+01
-4.069986729424569205e+01
9.912848467780956696e+01
7.886757531599352111e-01
-9.276672197267333786e+01
-3.327718233302979911e+02
6.525524636150056779e+01
5.283229421734932885e+01
6.033230113248157167e+00
3.343640625209937980e+02
1.826650470156565405e+02
1.359623340365185129e+01
7.268617281054466917e-01
6.647035873934509231e-01
7.154902622205137064e-01
6.958005572455091547e-01
4.798233411276811022e-01
4.751913967993334209e-01
9.519100561326794274e-01
2.338656772237153181e-01
3.677776451948377989e-02
8.965949607906170682e-01
1.284079950038982645e+02
2.316285609957439533e+02
1.085937365187834018e+02
-9.764371366461713819e+01
-1.081752093362637908e+02
-4.458075899133064013e+01
5.057865271885186331e+01
1.834487465718544641e+01
1.497589477363013089e+02
-1.655582945429640773e+01
-9.770874770961542310e+01
-1.851575711870436578e+02
2.580591505796321172e+01
-4.780979535920154433e+01
-9.146132252310077604e+01
1.396033495404419682e+02
3.080843357700924656e+01
-7.634121608667217451e+00
4.821656432885635946e-01
3.456830518449012235e-01
3.490703670023714844e-01
1.287029009081244180e-01
8.096796227604373675e-01
5.553227632228089350e-01
4.612077782929083769e-01
4.341676027025359597e-01
2.065443163738400756e-01
6.582099116871922284e-01
6.583807964694497628e+01
2.053537820838814696e+02
7.009983771196003488e+01
2.734953620833311394e+00
-3.463859026827706078e+00
9.704467879706972155e+01
1.528860835380623655e+02
-5.343432619302596720e+01
4.533624278351148718e+01
-5.875755731631254264e+01
-8.976081991834416840e+01
-5.013126229307786730e+01
1.738150105702464998e+02
-4.128810265827536341e+01
-2.567583862172326121e+02
-3.605843034234191578e+02
-1.966405615101835735e+02
-2.218671822971791130e+01
7.223205108533163887e-01
1.702535079455139710e-01
3.146958498296811291e-01
9.212004727795206627e-01
8.430501137463604078e-01
9.267360547733777265e-01
1.056879931670418049e-02
6.023405668436181415e-01
1.446302710479671072e-01
6.688656981108401789e-01
1.018786110678492349e+02
6.796454522907599483e+01
2.870960663849317385e+01
3.720478475233489490e+01
1.730665632236820528e+01
1.387388366855356310e+02
-1.689998798517801104e+00
-1.367666067808659136e+02
5.889833748074527620e+01
-1.322005810885755039e+01
-9.583147802044489083e+01
1.648883347530234289e+02
4.281665726497579954e+02
7.722469115358065039e+01
-5.430416090176314583e+02
-4.687859060111721874e+02
-2.512054760834975013e+02
-1.284088663203377791e+02
8.308022835147693685e-01
8.146854270700116807e-01
8.799039349029180723e-01
6.517892048392385229e-01
4.880626511866356099e-01
3.127025001152698991e-01
7.430165908401842323e-01
8.343455671291939435e-01
5.102527471287364724e-01
2.498637112096052659e-01
1.072570668234051823e+02
-4.832491126533230386e+01
-3.955816704838542108e+01
-9.761813857601634226e+00
2.790062399916239144e+01
-1.599275074136205887e+02
-1.888279363517919762e+02
-7.975012666858953025e+01
1.728531136508724160e+02
1.547143530176879267e+02
7.382541128073454217e+01
1.413775275136632388e+02
2.421909505582042641e+02
-6.305283251369795039e+01
-4.822934432108251031e+02
-4.723493652560555347e+02
-2.528742187076997823e+02
-1.983978054467280288e+02
4.799002861748589144e-01
1.182614904346788176e-01
4.130756862522795281e-01
3.014300392964648356e-01
6.618966206085731274e-01
7.511593229501035696e-01
9.165468311027423765e-01
6.518296577125112234e-01
2.034400697189950868e-01
-3.119463864906710526e+01
-6.662491175313460801e+00
1.216294736797556482e+02
-1.969299761290003659e+01
-9.060056243736956105e+01
-1.375578540189827379e+02
-2.717728136656289166e+02
-1.938533073937821598e+02
1.650271217011099623e+02
3.714650772188865631e+02
3.088270712004379561e+02
3.226632170744099994e+02
2.529833334110122109e+02
1.249840763243007729e+02
-1.755690361185999677e+02
-4.602624406764405762e+02
-3.853589238606628555e+02
-2.578663114532437248e+02
-1.791004864054987706e+02
2.761503740400821361e-01
6.021994805306669640e-01
2.890947077323333669e-01
9.175317611104216731e-02
8.372126910636136232e-01
3.295582631814735208e-01
4.294474915809526339e-01
2.519421339327254650e-01
1.045017406643193869e-01
-8.462718707862960343e+01
-1.074545074384041072e+02
-1.328960561902877089e+02
-1.882986379714570830e+02
-2.298919584656197515e+02
-4.182352898483693480e+02
-4.239005120746348325e+02
-1.498013468332292462e+02
3.851957701891990951e+02
9.254893491858520065e+02
5.386635107998042713e+02
3.310162673959285939e+02
2.621680952714706905e+02
-3.058990748155764550e+01
-2.911520965865068433e+02
-4.552295088193827723e+02
-2.958829403569527017e+02
-2.643870678580096865e+02
-2.262117494417245496e+02
8.937412881537538656e-01
3.127725267512344587e-01
8.107098351830330785e-01
5.651628348193845630e-01
5.207648344822124464e-03
4.149326016265830752e-03
5.446158426620413273e-01
6.343126431441856727e-01
-2.270116816556774708e+01
-1.093627026122896382e+02
-2.823405889138632006e+02
-3.416924270526378109e+02
-3.143982558784425692e+02
-3.473555156148860306e+02
-5.500381042415426691e+02
-4.145719813225770736e+02
-5.493767678932982790e+01
4.587148425244212149e+02
9.792753158419697002e+02
5.737890431871486498e+02
3.097750413626906720e+02
-6.018080546052150481e+00
-3.108749466128642780e+02
-3.081998038751414128e+02
-4.229283202117246674e+02
-2.632871250547074737e+02
-2.643522222269131703e+02
-2.064162689784995166e+02
6.858093113723604528e-01
8.240095737114387919e-01
8.120598392292077694e-02
3.816304467167904724e-01
7.652986678795288267e-01
8.007863078226475917e-01
1.306469896955927412e-01
3.603022225209896456e-01
-1.122569022448220011e+02
-2.650914592385482820e+02
-3.651361836178706994e+02
-2.985545772907449873e+02
-3.690940433055305334e+02
-5.145117921459916488e+02
-5.389970736096429391e+02
-3.661153833385670282e+02
3.226354435461801984e+01
5.524603671935127522e+02
1.106021769766743546e+03
7.146050088909788656e+02
2.263784653428194247e+02
-2.586407699789002095e+02
-2.015876704772506969e+02
-3.290035064808532752e+02
-3.384349233432557185e+02
-2.585979989349533525e+02
-2.640781764610882192e+02
-2.366621095261176890e+02
4.621752412777304642e-01
1.917429253916907994e-01
4.451944957042682782e-01
3.146528728527488994e-01
4.799556926255860168e-01
2.810608843589813555e-01
4.470221261007276681e-01
2.711516929518107411e-01
-1.808039129048566167e+02
-2.650934224346833616e+02
-3.365037493523965964e+02
-3.385141641996812609e+02
-3.808545479597781878e+02
-5.036923924760009754e+02
-4.365720441799039122e+02
-1.995634798494726851e+02
6.977042023376496616e+01
6.642039441904553314e+02
1.073368384675511834e+03
7.166622439577694195e+02
8.394578884709710564e+01
-3.797599041824310575e+02
-3.146773266337863788e+02
-3.745458856247731774e+02
-2.542987670500332911e+02
-2.575422184907391170e+02
-2.507340021590654828e+02
-2.154154876232158529e+02
4.842441436280373601e-01
4.544790236018141361e-01
7.141622244694927346e-01
5.217877079875055113e-01
3.399719876666728036e-01
1.269544216586844243e-01
9.912256323937241875e-01
7.440943020893501236e-01
-1.890889978419573083e+02
-2.652555660692621586e+02
-3.809526447906874864e+02
-4.049986278304194798e+02
-3.318087728688749394e+02
-2.500480392070927849e+02
-1.989111601758396830e+02
-1.432702489313376475e+02
6.446737078179005209e+01
3.758253426222513554e+02
5.943612302784652002e+02
6.043534397421874473e+02
4.602671273657652762e+01
-4.977322769219539396e+02
-5.260710126861807794e+02
-3.309550609878093610e+02
-2.553326436913150985e+02
-2.705999521701877484e+02
-2.479671586452469967e+02
-1.757965286294980274e+02
3.985180329295087143e-01
3.124408747161826483e-01
2.526790472841291546e-01
9.376161226000910842e-01
2.302038962309088665e-01
2.974216688297904865e-01
2.121869752243992213e-01
9.523317629785670313e-01
-1.896306911484230966e+02
-2.569782512656435642e+02
-3.207855615114266925e+02
-4.250047453152197932e+02
-3.765189855532231036e+02
-1.157083105339992244e+02
-2.998858990669714331e+02
-1.409730109412579395e+02
1.031758167336387970e+02
6.501268983896577538e+02
4.332500280823196022e+02
2.910205012700994303e+02
-1.566016829783395963e+02
-4.643248852755545499e+02
-3.828155567286915471e+02
-2.515763321420347438e+02
-1.353911885607255101e+02
-3.179661871202445127e+02
-2.515543511469503244e+02
-1.539590010033713838e+02
4.407031582546939719e-01
4.100503612411473542e-01
3.282969083212410322e-01
2.892545604995525599e-01
5.531716768157581843e-01
1.616897215244806896e-01
7.576040799857055585e-01
1.562904758531294958e-01
-1.584462827354118417e+02
-2.464203986591332693e+02
-2.855094188164784441e+02
-2.945576599266528319e+02
-2.853060525599783546e+02
-5.152205201852900984e+01
-2.245862413968009150e+02
-1.718736939385477172e+02
-1.552594358993444601e+01
5.390221031288673430e+02
3.282001965935669432e+02
1.369959194652766712e+02
-2.564169253652280531e+02
-2.104841250530112688e+02
-3.897944009460735515e+01
-6.981206477799793220e+01
-6.224585481366556650e+01
-1.715325030586334663e+02
-3.339635131385920630e+01
1.440232849777865454e+01
5.332874598087153828e+01
1.638563486393691093e+00
3.296341607977295585e-01
6.784689116214320803e-01
9.756230937292789118e-01
6.134572987342740147e-01
3.248132875519376128e-01
4.994347311952496149e-02
-9.550142228750758022e+01
-2.125609513437731266e+02
-3.043801696443802030e+02
-1.475072764268535366e+02
-1.612520619390417664e+02
5.129176913556175066e+01
-9.374766940742789245e+01
1.087285666833086673e+01
3.974103997633168461e+01
2.387716908941176541e+02
1.756561863087948154e+02
-1.326413022963057813e+02
-1.350228659672375784e+02
1.216569299746663688e+02
2.632428237139595808e+02
-2.912265118187768564e+00
-6.089465271279986780e+01
-1.811516821323534643e+01
1.047454643797361626e+02
1.265743582467346187e+02
1.268874538873117785e+02
3.010513728214945317e+01
8.785740131777901585e-01
3.015547725453981975e-01
7.028463109304977641e-01
8.165666000169125027e-02
4.081176673184327974e-01
5.525797119829599646e-01
-8.092878333562979476e-01
6.906572488482920491e+00
1.950416288335078434e+02
3.737842627017094514e+02
2.708543206052310097e+02
2.201176685325714573e+02
3.216978595176806266e+01
1.023929840304969900e+02
1.036074097843361841e+01
3.795059510517596379e+01
-5.194697843997813180e+01
-1.707042866201376512e+02
1.447018563493149088e+02
2.832973257237923690e+02
1.527815219291242670e+02
9.814055163820911787e+01
1.636000721370430142e+02
2.513272227778177808e+02
1.492966068281454284e+02
1.267222976783151012e+02
1.266381647534791455e+02
1.249309660099949326e+02
2.701650987109625035e-01
9.245061450533109682e-01
3.268803690333816903e-01
4.618071022873724285e-01
2.190868813375336233e-01
4.432416975822152105e-01
1.284838938702118298e+02
5.308046989391259274e+01
2.401205498856740803e+02
4.487650104490040803e+02
4.418654367876023343e+02
3.694685066993833402e+02
3.152656379613794968e+01
1.136178654694220569e+01
-2.304753362351998902e+01
-1.381701210184773458e+02
-1.584114847954086258e+02
-1.853780406299426318e+02
6.413906766053402464e+01
2.113830470477029877e+01
9.240946816362871630e+01
2.284694487224086288e+02
1.971290740783802846e+02
8.772819678067865823e+01
6.949232181909574990e+01
6.521833577896086354e+01
6.510956205040741906e+01
6.472606519881021825e+01
2.538817680115742492e-01
7.189440300590900224e-01
2.018425607220619700e-01
6.831648059017979557e-01
7.073064390057755002e-01
1.549775569277899168e-01
5.070425161122897606e+01
5.035860586197188127e+01
6.934059387142815467e+01
1.943628492507565113e+02
1.774117035478724631e+02
1.757519390314204770e+02
-6.103661350847926315e+01
-2.205602438646370800e+01
-2.286021154277362086e+02
-3.575588884984396145e+02
-2.215767732349140431e+02
-1.447864354441160799e+02
1.759792941556265333e+01
-6.216020922494393197e+00
2.694911987431454037e+01
1.219081258251777768e+02
6.367941010895538057e+01
9.366304945459875686e-01
3.699704508618049115e-01
3.023024088911048235e-01
3.806739060867799784e-01
2.963638785701414591e-01
2.061575149401388973e-01
2.106375928764907535e-01
5.724303924442386560e-02
2.853984517055692116e-01
9.733182298632825358e-01
7.964335687764945160e-02
6.985754405353963303e-01
3.570346940981740103e-01
7.994019566679859690e-01
2.638950807543668509e-01
6.476772895642046279e+00
4.932971109591320236e+00
-2.236989061028297243e+01
-2.829333960767744927e+01
-4.207831986445707173e+01
2.192873872088931009e+01
8.761154950116886653e+01
6.122500651167717223e+01
6.242138513532946575e-03
7.197366466511893046e-01
5.997317864942782739e-01
9.822419016143985049e-01
6.724642042953771215e-01
2.247476096851112048e-01
6.785479863589577443e-01
6.863345148607059576e-01
9.572071605309273590e-02
6.940630004154297872e-01
2.212043620896664287e-03
6.117998812550892174e-01
7.735931374730344867e-01
6.394600768903221377e-01
2.047348826077959316e-01
9.721775118568610763e-01
2.182874204322696743e-01
3.693858802293004118e-01
9.929279564697929272e-01
9.641678894102474473e-01
6.752201178134136228e-01
3.871693001496313569e-01
6.855764821185481583e-01
3.687035664457126716e-01
6.955586603478455254e-01
4.781118234150538715e-01
8.121160635435724640e-01
3.817796985378103525e-01
7.504052106468606098e-02
5.162156639702675243e-01
3.915198653159622788e-01
5.315040071816552469e-01
1.154009951520962307e-02
7.142431058862886983e-01
5.813815327655947884e-01
6.265230523144004193e-01
2.872137315707362637e-01
6.308384923803191935e-01
6.327012895471560983e-01
3.651398963552949795e-01
1.595664568962382734e-01
6.810394244964603772e-01
9.422707445862966713e-01
2.241106853374372765e-01
7.312045878722114312e-01
5.585783379781730229e-01
1.356968397958030481e-01
1.692229082472836987e-01
8.891885402388925996e-01
7.566651357216972462e-01
3.093910817356362308e-01
6.106178194787075242e-01
5.548937446963128073e-01
6.751974322413509810e-01
2.646041904334954786e-01
1.823451178760456814e-01
7.246999301940073579e-01
6.319073530173685560e-01
9.794998584228511440e-01
6.844028762232331475e-01
8.402938726437185757e-01
3.290591377256417704e-01
8.239832792060797217e-02
3.508668803686836313e-01
9.620191046310104799e-01
4.695007968715325664e-01
7.841547483618929171e-01
3.225129387509458878e-01
8.760298555675359866e-01
9.485505728022137761e-01
7.453110539576435212e-02
6.645633587476166282e-01
7.564968990881504318e-01
5.004173510795967283e-01
3.985293201411665986e-01
3.470762278533591205e-01
1.587767429602661151e-01
3.976898302299831656e-01
6.877683750985102984e-01
1.402353452545960222e-01
3.995405861351530863e-02
9.846803168003754880e-01
4.488141294860676922e-01
7.650754703919212529e-01
3.578329436127026808e-01
1.849177078712728184e-01
4.505662550203638483e-01
1.955002249266390990e-02
8.085671110612613344e-02
2.934875182378271496e-02
4.325317194149146394e-01
3.484800883649795677e-01
2.107373213728054306e-01
3.646529398534782418e-01
5.203442399197807378e-01
4.236536624881863666e-01
2.601548292626197245e+00
